"NormType","SubjectBid","Grade","CoeffX","Index","x1","x2","x3","x4"
2020,1,0,1,"1_0_1",29.4485663,-15.3193635,0,NA
2020,1,0,2,"1_0_2",-15.3193635,71.8973598,0,NA
2020,1,0,3,"1_0_3",0,0,0,NA
2020,1,1,1,"1_1_1",34.2523815,0.6371792,-0.0328177,0.0279554
2020,1,1,2,"1_1_2",0.6371792,5.2105811,0.0867989,-0.1149192
2020,1,1,3,"1_1_3",-0.0328177,0.0867989,0.0080799,-0.002622
2020,1,1,4,"1_1_4",0.0279554,-0.1149192,-0.002622,0.00906
2020,1,2,1,"1_2_1",33.5081828,0.6409994,0.0065573,-0.017049
2020,1,2,2,"1_2_2",0.6409994,3.0292804,0.0598742,-0.0433769
2020,1,2,3,"1_2_3",0.0065573,0.0598742,0.0065411,-0.00167
2020,1,2,4,"1_2_4",-0.017049,-0.0433769,-0.00167,0.0067838
2020,1,3,1,"1_3_1",35.5322522,1.6108707,0.0579706,0.0368247
2020,1,3,2,"1_3_2",1.6108707,2.3977779,0.0578477,-0.0288557
2020,1,3,3,"1_3_3",0.0579706,0.0578477,0.0057446,-0.0003965
2020,1,3,4,"1_3_4",0.0368247,-0.0288557,-0.0003965,0.0052651
2020,1,4,1,"1_4_1",44.4337539,2.8105917,0.0996854,0.0809573
2020,1,4,2,"1_4_2",2.8105917,1.9539812,0.0477181,-0.0166433
2020,1,4,3,"1_4_3",0.0996854,0.0477181,0.0052252,0.000694
2020,1,4,4,"1_4_4",0.0809573,-0.0166433,0.000694,0.0051655
2020,1,5,1,"1_5_1",53.6899175,4.9582201,0.1801617,0.0196258
2020,1,5,2,"1_5_2",4.9582201,3.3562068,0.0531786,-0.0597928
2020,1,5,3,"1_5_3",0.1801617,0.0531786,0.0074889,0.0022754
2020,1,5,4,"1_5_4",0.0196258,-0.0597928,0.0022754,0.0072229
2020,1,6,1,"1_6_1",60.8101804,3.1866524,0.1229747,-0.0866239
2020,1,6,2,"1_6_2",3.1866524,3.1700774,0.0644677,-0.0381303
2020,1,6,3,"1_6_3",0.1229747,0.0644677,0.0063845,0.0003549
2020,1,6,4,"1_6_4",-0.0866239,-0.0381303,0.0003549,0.0062663
2020,1,7,1,"1_7_1",74.4403179,4.7503599,0.1146321,-0.0764463
2020,1,7,2,"1_7_2",4.7503599,2.8522667,0.0702659,-0.0448233
2020,1,7,3,"1_7_3",0.1146321,0.0702659,0.0055278,-0.0007447
2020,1,7,4,"1_7_4",-0.0764463,-0.0448233,-0.0007447,0.0038649
2020,1,8,1,"1_8_1",94.0823752,8.5937254,0.0521483,-0.1196838
2020,1,8,2,"1_8_2",8.5937254,4.0944572,0.0300551,-0.092622
2020,1,8,3,"1_8_3",0.0521483,0.0300551,0.0074469,0.0028834
2020,1,8,4,"1_8_4",-0.1196838,-0.092622,0.0028834,0.0079192
2020,1,9,1,"1_9_1",99.2502877,0.8293675,-0.0024876,0.0030497
2020,1,9,2,"1_9_2",0.8293675,2.919732,0.0704983,-0.0482901
2020,1,9,3,"1_9_3",-0.0024876,0.0704983,0.0047559,-0.0019113
2020,1,9,4,"1_9_4",0.0030497,-0.0482901,-0.0019113,0.0039742
2020,1,10,1,"1_10_1",104.8480228,4.5050194,0.0382681,-0.0392726
2020,1,10,2,"1_10_2",4.5050194,2.9358255,0.0307501,-0.0521257
2020,1,10,3,"1_10_3",0.0382681,0.0307501,0.0052161,0.0016311
2020,1,10,4,"1_10_4",-0.0392726,-0.0521257,0.0016311,0.0051033
2020,1,11,1,"1_11_1",108.9171818,4.8477804,0.0185589,-0.1339514
2020,1,11,2,"1_11_2",4.8477804,3.4806093,0.0349787,-0.0860912
2020,1,11,3,"1_11_3",0.0185589,0.0349787,0.0051677,0.0016227
2020,1,11,4,"1_11_4",-0.1339514,-0.0860912,0.0016227,0.0065514
2020,1,12,1,"1_12_1",123.821843,9.0929112,0,NA
2020,1,12,2,"1_12_2",9.0929112,58.038736,0,NA
2020,1,12,3,"1_12_3",0,0,0,NA
2020,2,0,1,"2_0_1",27.5358727,-10.0954071,0,NA
2020,2,0,2,"2_0_2",-10.0954071,79.1360422,0,NA
2020,2,0,3,"2_0_3",0,0,0,NA
2020,2,1,1,"2_1_1",29.3259954,6.3535641,0.094437,-0.0746253
2020,2,1,2,"2_1_2",6.3535641,6.9864673,0.1142562,-0.1486564
2020,2,1,3,"2_1_3",0.094437,0.1142562,0.008424,-0.0031242
2020,2,1,4,"2_1_4",-0.0746253,-0.1486564,-0.0031242,0.0109294
2020,2,2,1,"2_2_1",42.1695592,2.4919326,0.0451616,-0.1297514
2020,2,2,2,"2_2_2",2.4919326,4.7590545,0.0388095,-0.0680867
2020,2,2,3,"2_2_3",0.0451616,0.0388095,0.0080899,-0.0020973
2020,2,2,4,"2_2_4",-0.1297514,-0.0680867,-0.0020973,0.0086569
2020,2,3,1,"2_3_1",51.4652714,-1.3161832,-0.0807415,-0.0931371
2020,2,3,2,"2_3_2",-1.3161832,3.466012,0.0544759,-0.0634738
2020,2,3,3,"2_3_3",-0.0807415,0.0544759,0.0058529,-0.0009369
2020,2,3,4,"2_3_4",-0.0931371,-0.0634738,-0.0009369,0.0070175
2020,2,4,1,"2_4_1",52.2351678,-2.1374872,-0.1057991,-0.0432947
2020,2,4,2,"2_4_2",-2.1374872,2.0438601,0.0342917,-0.0394488
2020,2,4,3,"2_4_3",-0.1057991,0.0342917,0.0056863,-0.0010538
2020,2,4,4,"2_4_4",-0.0432947,-0.0394488,-0.0010538,0.0054898
2020,2,5,1,"2_5_1",50.4870288,-1.2089911,-0.0946403,-0.0298041
2020,2,5,2,"2_5_2",-1.2089911,2.7383651,0.033188,-0.057033
2020,2,5,3,"2_5_3",-0.0946403,0.033188,0.0051569,0.0003658
2020,2,5,4,"2_5_4",-0.0298041,-0.057033,0.0003658,0.005642
2020,2,6,1,"2_6_1",51.1431079,-1.9212941,-0.1074438,-0.0569405
2020,2,6,2,"2_6_2",-1.9212941,2.5812958,0.0367428,-0.0201665
2020,2,6,3,"2_6_3",-0.1074438,0.0367428,0.0040775,-9.56e-05
2020,2,6,4,"2_6_4",-0.0569405,-0.0201665,-9.56e-05,0.0037195
2020,2,7,1,"2_7_1",52.7540448,-2.5988036,-0.0828473,-0.0545001
2020,2,7,2,"2_7_2",-2.5988036,1.9756043,0.0385872,-0.0409249
2020,2,7,3,"2_7_3",-0.0828473,0.0385872,0.0040443,-0.0013814
2020,2,7,4,"2_7_4",-0.0545001,-0.0409249,-0.0013814,0.0041276
2020,2,8,1,"2_8_1",61.9494095,1.3572907,-0.1106149,-0.1054931
2020,2,8,2,"2_8_2",1.3572907,2.6228775,-0.0005407,-0.0715953
2020,2,8,3,"2_8_3",-0.1106149,-0.0005407,0.0053861,0.0019893
2020,2,8,4,"2_8_4",-0.1054931,-0.0715953,0.0019893,0.0065335
2020,2,9,1,"2_9_1",91.0153208,-9.329642,-0.1564658,-0.0726106
2020,2,9,2,"2_9_2",-9.329642,3.1633043,0.0562357,-0.0280535
2020,2,9,3,"2_9_3",-0.1564658,0.0562357,0.0052704,-0.0025936
2020,2,9,4,"2_9_4",-0.0726106,-0.0280535,-0.0025936,0.0047052
2020,2,10,1,"2_10_1",72.3472757,-1.6484363,-0.1038853,-0.0600944
2020,2,10,2,"2_10_2",-1.6484363,2.3520502,0.0179163,-0.0426621
2020,2,10,3,"2_10_3",-0.1038853,0.0179163,0.0036128,0.0001096
2020,2,10,4,"2_10_4",-0.0600944,-0.0426621,0.0001096,0.0053484
2020,2,11,1,"2_11_1",66.5191059,-1.6769675,-0.0434058,-0.1227282
2020,2,11,2,"2_11_2",-1.6769675,2.6251125,0.0295131,-0.0504581
2020,2,11,3,"2_11_3",-0.0434058,0.0295131,0.0061062,0.0010476
2020,2,11,4,"2_11_4",-0.1227282,-0.0504581,0.0010476,0.0059408
2020,2,12,1,"2_12_1",86.6844048,17.1925709,0,NA
2020,2,12,2,"2_12_2",17.1925709,66.11524,0,NA
2020,2,12,3,"2_12_3",0,0,0,NA
2020,3,2,1,"3_2_1",42.883935,-3.3747188,-0.0043318,-0.0962824
2020,3,2,2,"3_2_2",-3.3747188,5.0899962,0.1321266,-0.1302124
2020,3,2,3,"3_2_3",-0.0043318,0.1321266,0.0105934,-0.0085216
2020,3,2,4,"3_2_4",-0.0962824,-0.1302124,-0.0085216,0.0123137
2020,3,3,1,"3_3_1",41.5944329,-2.8629235,-0.0528431,-0.0214474
2020,3,3,2,"3_3_2",-2.8629235,3.2771471,0.0604266,-0.059611
2020,3,3,3,"3_3_3",-0.0528431,0.0604266,0.0049386,-0.00187
2020,3,3,4,"3_3_4",-0.0214474,-0.059611,-0.00187,0.0065259
2020,3,4,1,"3_4_1",44.8555516,-2.8821854,-0.1031464,-0.0213773
2020,3,4,2,"3_4_2",-2.8821854,2.639703,0.0507637,-0.0513733
2020,3,4,3,"3_4_3",-0.1031464,0.0507637,0.003958,-0.0010765
2020,3,4,4,"3_4_4",-0.0213773,-0.0513733,-0.0010765,0.0046215
2020,3,5,1,"3_5_1",40.6856411,-1.6211202,-0.0679153,0.0001596
2020,3,5,2,"3_5_2",-1.6211202,2.4547313,0.024655,-0.0467043
2020,3,5,3,"3_5_3",-0.0679153,0.024655,0.0033119,0.0005016
2020,3,5,4,"3_5_4",0.0001596,-0.0467043,0.0005016,0.0042375
2020,3,6,1,"3_6_1",38.9674325,-1.8424252,-0.0316864,0.0041116
2020,3,6,2,"3_6_2",-1.8424252,1.9832438,0.0335739,-0.0312067
2020,3,6,3,"3_6_3",-0.0316864,0.0335739,0.0025021,-0.0004824
2020,3,6,4,"3_6_4",0.0041116,-0.0312067,-0.0004824,0.0031288
2020,3,7,1,"3_7_1",45.7429448,-1.7534414,-0.0626009,-0.0074472
2020,3,7,2,"3_7_2",-1.7534414,1.6184636,0.0310417,-0.0211087
2020,3,7,3,"3_7_3",-0.0626009,0.0310417,0.0023887,-0.0005466
2020,3,7,4,"3_7_4",-0.0074472,-0.0211087,-0.0005466,0.0024665
2020,3,8,1,"3_8_1",46.1088668,-0.690945,-0.0718937,-0.0504888
2020,3,8,2,"3_8_2",-0.690945,1.902962,0.0240273,-0.0348614
2020,3,8,3,"3_8_3",-0.0718937,0.0240273,0.0028604,0.0011006
2020,3,8,4,"3_8_4",-0.0504888,-0.0348614,0.0011006,0.003515
2020,3,9,1,"3_9_1",53.6337306,-1.7014381,-0.0602381,-0.0252176
2020,3,9,2,"3_9_2",-1.7014381,1.6167747,0.0443267,-0.0305563
2020,3,9,3,"3_9_3",-0.0602381,0.0443267,0.0025907,-0.0012952
2020,3,9,4,"3_9_4",-0.0252176,-0.0305563,-0.0012952,0.0031088
2020,3,10,1,"3_10_1",45.0394384,0.3872359,-0.0129463,0.0002994
2020,3,10,2,"3_10_2",0.3872359,1.3108157,0.0164737,-0.0247261
2020,3,10,3,"3_10_3",-0.0129463,0.0164737,0.0025204,0.0002616
2020,3,10,4,"3_10_4",0.0002994,-0.0247261,0.0002616,0.0032652
2020,3,11,1,"3_11_1",42.5513635,0.0542255,-0.0370002,0.0003787
2020,3,11,2,"3_11_2",0.0542255,1.6160106,0.0107083,-0.0260946
2020,3,11,3,"3_11_3",-0.0370002,0.0107083,0.0036898,0.0011653
2020,3,11,4,"3_11_4",0.0003787,-0.0260946,0.0011653,0.0031375
2020,4,2,1,"4_2_1",35.1093875,-4.0947507,-0.0835254,0.0493804
2020,4,2,2,"4_2_2",-4.0947507,4.4347148,0.072019,-0.1100244
2020,4,2,3,"4_2_3",-0.0835254,0.072019,0.0056495,-0.0027421
2020,4,2,4,"4_2_4",0.0493804,-0.1100244,-0.0027421,0.0069328
2020,4,3,1,"4_3_1",35.2288411,-3.0994058,-0.135419,0.1754778
2020,4,3,2,"4_3_2",-3.0994058,3.9188136,0.0922437,-0.1163077
2020,4,3,3,"4_3_3",-0.135419,0.0922437,0.0078771,-0.006117
2020,4,3,4,"4_3_4",0.1754778,-0.1163077,-0.006117,0.0108643
2020,4,4,1,"4_4_1",31.7812274,-0.4135478,-0.0434427,0.08846
2020,4,4,2,"4_4_2",-0.4135478,2.8310583,0.0536952,-0.0637602
2020,4,4,3,"4_4_3",-0.0434427,0.0536952,0.0053303,-0.0027943
2020,4,4,4,"4_4_4",0.08846,-0.0637602,-0.0027943,0.0079065
2020,4,5,1,"4_5_1",32.8879366,0.8206521,-0.020046,0.0136668
2020,4,5,2,"4_5_2",0.8206521,2.6478667,0.0024773,-0.0775604
2020,4,5,3,"4_5_3",-0.020046,0.0024773,0.0057706,0.0018902
2020,4,5,4,"4_5_4",0.0136668,-0.0775604,0.0018902,0.0102013
2020,4,6,1,"4_6_1",37.1997152,0.7845894,-0.0491034,-0.1264386
2020,4,6,2,"4_6_2",0.7845894,4.2115453,0.0107592,-0.0939885
2020,4,6,3,"4_6_3",-0.0491034,0.0107592,0.0057657,0.000786
2020,4,6,4,"4_6_4",-0.1264386,-0.0939885,0.000786,0.0081156
2020,4,7,1,"4_7_1",37.9561762,0.1764285,-0.041218,0.0435636
2020,4,7,2,"4_7_2",0.1764285,2.5141237,0.0313657,-0.0589404
2020,4,7,3,"4_7_3",-0.041218,0.0313657,0.0058262,-9.8e-05
2020,4,7,4,"4_7_4",0.0435636,-0.0589404,-9.8e-05,0.0071175
2020,4,8,1,"4_8_1",40.871917,2.9934626,-0.063743,-0.087464
2020,4,8,2,"4_8_2",2.9934626,2.9228451,-0.040161,-0.0877913
2020,4,8,3,"4_8_3",-0.063743,-0.040161,0.0059136,0.004019
2020,4,8,4,"4_8_4",-0.087464,-0.0877913,0.004019,0.0087699
2020,4,9,1,"4_9_1",46.2303479,2.0259843,-0.0105973,-0.0494293
2020,4,9,2,"4_9_2",2.0259843,3.4332198,0.0430889,-0.0782503
2020,4,9,3,"4_9_3",-0.0105973,0.0430889,0.0067782,-0.0025299
2020,4,9,4,"4_9_4",-0.0494293,-0.0782503,-0.0025299,0.0083048
2020,4,10,1,"4_10_1",48.1252413,3.6060884,0.0641385,-0.0098832
2020,4,10,2,"4_10_2",3.6060884,2.1187344,-0.0370506,-0.0736266
2020,4,10,3,"4_10_3",0.0641385,-0.0370506,0.0049213,0.0035646
2020,4,10,4,"4_10_4",-0.0098832,-0.0736266,0.0035646,0.008411
